image: ntu_region_1_edited.pgm
resolution: 0.050000
origin: [-10.458, -14.285, 0.000000]
negate: 0
occupied_thresh: 0.65
free_thresh: 0.196

