image: ntu_region_1_2_edited.pgm
resolution: 0.050000
origin: [-53.450001, -12.500000, 0.000000]
negate: 0
occupied_thresh: 0.65
free_thresh: 0.1

